{
    "PELVIS": {
        "parent": null,
        "localBindTransformMatrix": [
            1.0,
            0.0,
            -2.3841855067985307e-07,
            0.0,
            0.0,
            1.0,
            0.0,
            0.0,
            2.3841855067985307e-07,
            0.0,
            1.0,
            0.0,
            -0.00112229585647583,
            0.7794061899185181,
            -0.07299192249774933,
            1.0
        ]
    },
    "SPINE": {
        "parent": "PELVIS",
        "localBindTransformMatrix": [
            1.0,
            0.0,
            2.3841855067985307e-07,
            0.0,
            0.0,
            1.0,
            0.0,
            0.0,
            -2.3841855067985307e-07,
            0.0,
            1.0,
            0.0,
            5.6745719234641e-11,
            0.11533474922180176,
            -2.675761556769629e-10,
            1.0
        ]
    },
    "HEAD": {
        "parent": "SPINE",
        "localBindTransformMatrix": [
            1.0,
            0.0,
            -1.4210856409267898e-14,
            0.0,
            0.0,
            1.0,
            0.0,
            0.0,
            1.4210856409267898e-14,
            0.0,
            1.0,
            0.0,
            0.0,
            0.4785414934158325,
            0.0,
            1.0
        ]
    },
    "ARM_BASE_L": {
        "parent": "SPINE",
        "localBindTransformMatrix": [
            -0.26471662521362305,
            0.9643263220787048,
            -3.803708636951342e-08,
            0.0,
            -0.9643263220787048,
            -0.2647165358066559,
            -3.9391121475773616e-08,
            0.0,
            -4.80549395831531e-08,
            2.6252678253513295e-08,
            1.0,
            0.0,
            0.0,
            0.4785414934158325,
            0.0,
            1.0
        ]
    },
    "ARM1_L": {
        "parent": "ARM_BASE_L",
        "localBindTransformMatrix": [
            0.9081790447235107,
            0.4185819625854492,
            -1.4345959087336269e-08,
            0.0,
            -0.41858187317848206,
            0.9081790447235107,
            -8.296331799328982e-08,
            0.0,
            -2.1698243202195044e-08,
            8.135051388080683e-08,
            1.0,
            0.0,
            -3.075121313145246e-08,
            0.18914365768432617,
            -1.1466338989407632e-09,
            1.0
        ]
    },
    "ARM2_L": {
        "parent": "ARM1_L",
        "localBindTransformMatrix": [
            0.9999014139175415,
            0.014029055833816528,
            5.773908924311399e-07,
            0.0,
            -0.014020202681422234,
            0.999271035194397,
            -0.0355081744492054,
            0.0,
            -0.0004987214924767613,
            0.035504668951034546,
            0.9993693828582764,
            0.0,
            -1.1443715663972398e-07,
            0.28986114263534546,
            7.171525595595085e-10,
            1.0
        ]
    },
    "HAND_L": {
        "parent": "ARM2_L",
        "localBindTransformMatrix": [
            0.9983458518981934,
            -0.05745948851108551,
            -0.0020416555926203728,
            0.0,
            0.057411763817071915,
            0.9981772303581238,
            -0.018604600802063942,
            0.0,
            0.003106943564489484,
            0.018456608057022095,
            0.9998248815536499,
            0.0,
            1.7632437732117978e-08,
            0.26892054080963135,
            7.450580596923828e-09,
            1.0
        ]
    },
    "ARM_BASE_R": {
        "parent": "SPINE",
        "localBindTransformMatrix": [
            -0.26471662521362305,
            -0.9643263220787048,
            3.803708636951342e-08,
            0.0,
            0.9643263220787048,
            -0.2647165358066559,
            -3.9391121475773616e-08,
            0.0,
            4.80549395831531e-08,
            2.6252678253513295e-08,
            1.0,
            0.0,
            0.0,
            0.4785414934158325,
            0.0,
            1.0
        ]
    },
    "ARM1_R": {
        "parent": "ARM_BASE_R",
        "localBindTransformMatrix": [
            0.9081790447235107,
            -0.4185819625854492,
            1.4345959087336269e-08,
            0.0,
            0.41858187317848206,
            0.9081790447235107,
            -8.296331799328982e-08,
            0.0,
            2.1698243202195044e-08,
            8.135051388080683e-08,
            1.0,
            0.0,
            7.172940286181984e-08,
            0.18914364278316498,
            -1.2544978389428252e-09,
            1.0
        ]
    },
    "ARM2_R": {
        "parent": "ARM1_R",
        "localBindTransformMatrix": [
            0.9999014139175415,
            -0.014029055833816528,
            -5.773908924311399e-07,
            0.0,
            0.014020202681422234,
            0.999271035194397,
            -0.0355081744492054,
            0.0,
            0.0004987214924767613,
            0.035504668951034546,
            0.9993693828582764,
            0.0,
            1.1443715663972398e-07,
            0.28986111283302307,
            4.460982694354243e-10,
            1.0
        ]
    },
    "HAND_R": {
        "parent": "ARM2_R",
        "localBindTransformMatrix": [
            0.9983458518981934,
            0.05745948851108551,
            0.0020416555926203728,
            0.0,
            -0.057411763817071915,
            0.9981772303581238,
            -0.018604600802063942,
            0.0,
            -0.003106943564489484,
            0.018456608057022095,
            0.9998248815536499,
            0.0,
            -4.743476011981329e-08,
            0.26892054080963135,
            1.862645149230957e-09,
            1.0
        ]
    },
    "LEG_BASE_L": {
        "parent": null,
        "localBindTransformMatrix": [
            -7.596349860250484e-08,
            -5.960464477539063e-08,
            -1.0,
            0.0,
            -0.9995613694190979,
            -0.029616888612508774,
            -5.820766091346741e-11,
            0.0,
            -0.029616892337799072,
            0.9995612502098083,
            -6.146728992462158e-08,
            0.0,
            -0.00112229585647583,
            0.7794061899185181,
            -0.07299192249774933,
            1.0
        ]
    },
    "LEG1_L": {
        "parent": "LEG_BASE_L",
        "localBindTransformMatrix": [
            1.0,
            1.5072131986926252e-07,
            1.9898516256944276e-07,
            0.0,
            1.9725885636034945e-07,
            0.011368358507752419,
            -0.9999353885650635,
            0.0,
            -1.529737119199126e-07,
            0.9999353885650635,
            0.011368392035365105,
            0.0,
            -1.0640463621314211e-08,
            0.096605084836483,
            -1.956419382054264e-08,
            1.0
        ]
    },
    "LEG2_L": {
        "parent": "LEG1_L",
        "localBindTransformMatrix": [
            1.0,
            1.7355485937287085e-09,
            2.118418933605426e-07,
            0.0,
            -1.201354393742804e-08,
            0.9988218545913696,
            0.048526979982852936,
            0.0,
            -2.1150803775071836e-07,
            -0.048526983708143234,
            0.9988218545913696,
            0.0,
            -8.234408710450225e-10,
            0.2743294835090637,
            -2.8192204126753495e-09,
            1.0
        ]
    },
    "FOOT_L": {
        "parent": "LEG2_L",
        "localBindTransformMatrix": [
            3.3812827382462274e-07,
            0.03028745949268341,
            0.999541163444519,
            0.0,
            -0.996786892414093,
            0.08006241917610168,
            -0.0024256727192550898,
            0.0,
            -0.08009915053844452,
            -0.9963295459747314,
            0.030190177261829376,
            0.0,
            8.539339901858511e-09,
            0.44869086146354675,
            1.2889955769423977e-10,
            1.0
        ]
    },
    "LEG_BASE_R": {
        "parent": null,
        "localBindTransformMatrix": [
            -7.596349860250484e-08,
            5.960464477539063e-08,
            1.0,
            0.0,
            0.9995613694190979,
            -0.029616888612508774,
            -5.820766091346741e-11,
            0.0,
            0.029616892337799072,
            0.9995612502098083,
            -6.146728992462158e-08,
            0.0,
            -0.00112229585647583,
            0.7794061899185181,
            -0.07299192249774933,
            1.0
        ]
    },
    "LEG1_R": {
        "parent": "LEG_BASE_R",
        "localBindTransformMatrix": [
            1.0,
            -1.5072131986926252e-07,
            -1.9898516256944276e-07,
            0.0,
            -1.9725885636034945e-07,
            0.011368358507752419,
            -0.9999353885650635,
            0.0,
            1.529737119199126e-07,
            0.9999353885650635,
            0.011368392035365105,
            0.0,
            1.0636246550177475e-08,
            0.096605084836483,
            2.1413999462538413e-08,
            1.0
        ]
    },
    "LEG2_R": {
        "parent": "LEG1_R",
        "localBindTransformMatrix": [
            1.0,
            -1.7355485937287085e-09,
            -2.118418933605426e-07,
            0.0,
            1.201354393742804e-08,
            0.9988218545913696,
            0.048526979982852936,
            0.0,
            2.1150803775071836e-07,
            -0.048526983708143234,
            0.9988218545913696,
            0.0,
            1.1706111635589878e-09,
            0.2743295133113861,
            -2.8192204126753495e-09,
            1.0
        ]
    },
    "FOOT_R": {
        "parent": "LEG2_R",
        "localBindTransformMatrix": [
            3.3812827382462274e-07,
            -0.03028745949268341,
            -0.999541163444519,
            0.0,
            0.996786892414093,
            0.08006241917610168,
            -0.0024256727192550898,
            0.0,
            0.08009915053844452,
            -0.9963295459747314,
            0.030190177261829376,
            0.0,
            -1.5167399780580126e-08,
            0.44869086146354675,
            1.2889955769423977e-10,
            1.0
        ]
    }
}